0 0 0 0 3 3 0 0 0 0 0 3 3 0 0 0 0 0 0 0
0 0 0 3 2 2 3 0 0 0 0 3 3 0 0 0 0 0 0 0
0 0 3 3 1 1 3 3 0 0 0 3 3 0 0 0 0 0 0 0
0 3 3 1 0 0 1 3 3 0 0 3 3 0 0 0 0 0 0 0
3 3 1 0 0 0 0 1 3 3 0 3 3 0 0 0 0 0 0 0
3 3 1 0 0 0 0 1 3 3 0 3 3 0 0 0 0 0 0 0
3 3 1 1 1 1 1 1 3 3 0 3 3 0 0 0 0 0 0 0
3 3 2 2 2 2 2 2 3 3 0 3 3 0 0 0 0 0 0 0
3 3 3 3 3 3 3 3 3 3 0 3 3 0 0 0 0 0 0 0
3 3 2 2 2 2 2 2 3 3 0 3 3 0 0 0 0 0 0 0
3 3 1 0 0 0 0 1 3 3 0 3 3 0 0 0 0 0 3 0
3 3 1 0 0 0 0 1 3 3 0 3 3 0 0 0 0 2 3 0
3 3 1 0 0 0 0 1 3 3 0 3 3 2 2 2 2 3 3 0
3 3 1 0 0 0 0 1 3 3 0 3 3 3 3 3 3 3 3 0
3 3 1 0 0 0 0 1 3 3 0 3 3 3 3 3 3 3 3 0
1 1 1 1 1 1 1 1 112 1 1 1 1 1 1 1 1 1 1 1
1 1 1 1 1 2 1 1 1 1 1 1 1 1 1 1 1 1 1 1
1 1 1 1 2 3 2 1 1 1 1 1 1 1 2 2 2 1 1 1
1 1 1 1 2 3 2 1 1 1 1 1 1 1 2 3 2 1 1 1
1 1 1 1 2 3 2 1 1 1 1 1 1 1 2 2 2 1 1 1
1 1 1 1 2 3 2 1 1 1 1 120 120 120 1 1 1 1 1 1
1 1 1 1 2 3 2 1 1 1 1 1 110 110 110 1 1 1 1 1
1 1 1 1 2 3 2 1 1 1 1 1 100 100 100 1 0 0 0 1
1 1 1 1 2 3 2 1 1 1 1 1 100 100 100 1 0 0 1 1
1 1 1 1 2 3 2 1 1 1 1 1 1 100 120 1 1 0 1 1
1 1 1 1 2 3 2 1 1 1 1 1 1 100 100 100 1 0 1 10
1 1 1 1 2 3 2 1 1 1 1 1 1 100 100 100 0 0 1 10
1 1 1 1 2 3 2 1 1 1 1 1 1 100 100 100 0 1 2 3
1 1 1 1 1 2 1 1 1 1 1 1 1 100 100 100 1 1 1 1
100 100 100 100 100 100 100 100 100 100 100 100 100 100 100 100 100 100 100 100
1 30 100 100 100 300 300 30 300 100 300 30 300 3 3 3 3 3 3 3
1 3 2 2 100 2 2 2 3 1 3 3 2 2 2 2 2 2 3 3
1 3 2 1 1 1 1 1 1 1 3 2 0 0 0 0 0 0 2 3
1 3 2 1 1 1 1 1 1 1 3 2 0 0 0 0 0 0 2 3
1 3 2 1 1 1 1 1 1 1 3 2 0 0 0 0 0 0 2 3
1 3 2 1 1 1 1 1 1 1 3 2 0 0 0 0 0 0 2 3
1 3 2 1 1 1 1 1 1 1 3 2 0 0 0 0 0 0 2 3
1 3 2 1 1 1 1 1 1 1 3 2 0 0 0 0 0 0 2 3
1 3 2 1 1 1 1 1 1 1 3 2 0 0 0 0 0 0 2 3
1 3 2 1 1 1 1 1 1 1 3 2 0 0 0 0 0 0 2 3
1 3 2 1 1 1 1 1 2 1 3 2 0 0 0 0 0 0 2 3
1 3 2 1 1 1 1 2 3 1 3 2 0 0 0 0 0 0 2 3
1 3 2 1 1 1 1 2 3 1 3 2 0 0 0 0 0 0 2 3
1 3 3 3 3 3 3 3 3 1 3 3 2 2 2 2 2 2 3 3
1 3 3 3 3 3 3 3 3 1 3 3 3 3 3 3 3 3 3 3